Verlet method:

t  [s]   x  [m]             v  [m/s]           E  [J]
0.00     1.000000000000     0.000000000000     0.865000000000 
0.10     0.997145214521    -0.000426463563     0.860068546234 
0.20     0.988615943258    -0.000706822099     0.845418439914 
0.30     0.974479501285    -0.000982227880     0.821414369766 
0.40     0.954834943676    -0.001251127369     0.788631322220 
0.50     0.929812396298    -0.001512009230     0.747840158399 
0.60     0.899572211694    -0.001763412812     0.699988802987 
0.70     0.864303955454    -0.002003936302     0.646179532090 
0.80     0.824225229405    -0.002232244527     0.587642902019 
0.90     0.779580338873    -0.002447076338     0.525708933712 
1.00     0.730638812111    -0.002647251563     0.461776225836 
1.10     0.677693780841    -0.002831677463     0.397279712283 
1.20     0.621060231583    -0.002999354671     0.333657805869 
1.30     0.561073138168    -0.003149382584     0.272319679108 
1.40     0.498085486481    -0.003280964172     0.214613424904 
1.50     0.432466203031    -0.003393410177     0.161795815078 
1.60     0.364597999490    -0.003486142687     0.115004333650 
1.70     0.294875145749    -0.003558698066     0.075232105580 
1.80     0.223701184436    -0.003610729217     0.043306271838 
1.90     0.151486600098    -0.003642007180     0.019870279646 
2.00     0.078646456506    -0.003652422044     0.005370464713 
2.10     0.005598015628    -0.003641983185     0.000047202202 
2.20    -0.067241648071    -0.003610818817     0.003930797528 
2.30    -0.139458024407    -0.003559174870     0.016842179199 
2.40    -0.210641521801    -0.003487413201     0.038398346368 
2.50    -0.280389785818    -0.003396009149     0.068022415983 
2.60    -0.348309968802    -0.003285548452     0.104958010892 
2.70    -0.414020937851    -0.003156723544     0.148287633316 
2.80    -0.477155408741    -0.003010329257     0.196954579793 
2.90    -0.537361993871    -0.002847257949     0.249787876196 
3.00    -0.594307152858    -0.002668494105     0.305529646131 
3.10    -0.647677034964    -0.002475108413     0.362864274636 
3.20    -0.697179203223    -0.002268251380     0.420448692437 
3.30    -0.742544230823    -0.002049146512     0.476943085027 
3.40    -0.783527161069    -0.001819083099     0.531041325726 
3.50    -0.819908823049    -0.001579408647     0.581500442784 
3.60    -0.851496995981    -0.001331521006     0.627168457070 
3.70    -0.878127416110    -0.001076860240     0.667009968306 
3.80    -0.899664620917    -0.000816900273     0.700128923062 
3.90    -0.916002626387    -0.000553140381     0.725788065525 
4.00    -0.927065434001    -0.000287096557     0.743424650738 
4.10    -0.932807365146    -0.000020292822     0.752662087731 
4.20    -0.933213221586     0.000245747496     0.753317274649 
4.30    -0.928298271668     0.000509510438     0.745403487517 
4.40    -0.918108062903     0.000769500017     0.729128786197 
4.50    -0.902718062572     0.001024246680     0.704890003286 
4.60    -0.882233128970     0.001272315606     0.673262481645 
4.70    -0.856786816853     0.001512314763     0.634985821796 
4.80    -0.826540521601     0.001742902704     0.590945989410 
4.90    -0.791682467513     0.001962796051     0.542154213543 
5.00    -0.752426546489     0.002170776612     0.489723176391 
5.10    -0.709011014249     0.002365698115     0.434841053591 
5.20    -0.661697051951     0.002546492503     0.378744009310 
5.30    -0.610767201885     0.002712175767     0.322687781472 
5.40    -0.556523686550     0.002861853273     0.267919009002 
5.50    -0.499286621092     0.002994724573     0.215646954540 
5.60    -0.439392129640     0.003110087652     0.167016262763 
5.70    -0.377190376597     0.003207342611     0.123081366747 
5.80    -0.313043524384     0.003285994743     0.084783113266 
5.90    -0.247323629517     0.003345657014     0.052928123758 
6.00    -0.180410489234     0.003386051908     0.028171342103 
6.10    -0.112689451072     0.003407012651     0.011002144930 
6.20    -0.044549198043     0.003408483798     0.001734306764 
6.30     0.023620477918     0.003390521178     0.000500022720 
6.40     0.091430901480     0.003353291214     0.007248097941 
6.50     0.158496725757     0.003297069606     0.021746317507 
6.60     0.224438117876     0.003222239402     0.043587915456 
6.70     0.288882905923     0.003129288461     0.072201968890 
6.80     0.351468675138     0.003018806323     0.106867455092 
6.90     0.411844801595     0.002891480518     0.146730628019 
7.00     0.469674411963     0.002748092323     0.190825297361 
7.10     0.524636258432     0.002589511998     0.238095530109 
7.20     0.576426498398     0.002416693533     0.287420242686 
7.30     0.624760369066     0.002230668936     0.337639112188 
7.40     0.669373747776     0.002032542088     0.387579209103 
7.50     0.710024589543     0.001823482223     0.436081741366 
7.60     0.746494234005     0.001604717039     0.482028301116 
7.70     0.778588574780     0.001377525511     0.524366020822 
7.80     0.806139084994     0.001143230432     0.562131074136 
7.90     0.829003693636     0.000903190729     0.594469998180 
8.00     0.847067508213     0.000658793595     0.620658366926 
8.10     0.860243380109     0.000411446491     0.640116408635 
8.20     0.868472309931     0.000162569057     0.652421232485 
8.30     0.871723691067    -0.000086415023     0.657315408749 
8.40     0.869995390600    -0.000334086148     0.654711731504 
8.50     0.863313667644    -0.000579036876     0.644694080715 
8.60     0.851732930118    -0.000819879913     0.627514389761 
8.70     0.835335331862    -0.001055255947     0.603585812959 
8.80     0.814230212927    -0.001283841309     0.573472273388 
8.90     0.788553386746    -0.001504355400     0.537874652416 
9.00     0.758466278743    -0.001715567847     0.497613956938 
9.10     0.724154921797    -0.001916305353     0.453611866832 
9.20     0.685828814743    -0.002105458193     0.406869122034 
9.30     0.643719650877    -0.002281986337     0.358442254724 
9.40     0.598079924137    -0.002444925141     0.309419206395 
9.50     0.549181421311    -0.002593390604     0.260894391387 
9.60     0.497313609240    -0.002726584134     0.213943777340 
9.70     0.442781926554    -0.002843796828     0.169600548906 
9.80     0.385905989994    -0.002944413208     0.128831904040 
9.90     0.327017725837    -0.003027914427     0.092517502877 
10.00     0.266459437292    -0.003093880908     0.061430048169 
10.10     0.204581819132    -0.003141994405     0.036218424698 
10.20     0.141741931026    -0.003172039488     0.017393764064 
10.30     0.078301141263    -0.003183904428     0.005318732375 
10.40     0.014623052705    -0.003177581494     0.000200263116 
10.50    -0.048928577180    -0.003153166656     0.002085877727 
10.60    -0.111991910299    -0.003110858693     0.010863653921 
10.70    -0.174209084150    -0.003050957722     0.026265818465 
10.80    -0.235228238596    -0.002973863158     0.047875858913 
10.90    -0.294705501750    -0.002880071101     0.075138969475 
11.00    -0.352306923779    -0.002770171200     0.107375571670 
11.10    -0.407710347785    -0.002644842975     0.143797582172 
11.20    -0.460607207291    -0.002504851653     0.183527040026 
11.30    -0.510704240346    -0.002351043519     0.225616654277 
11.40    -0.557725110735    -0.002184340832     0.269071792347 
11.50    -0.601411927378    -0.002005736310     0.312873399841 
11.60    -0.641526653573    -0.001816287243     0.356001324699 
11.70    -0.677852398427    -0.001617109254     0.397457512846 
11.80    -0.710194583499    -0.001409369745     0.436288548942 
11.90    -0.738381978407    -0.001194281077     0.471607034177 
12.00    -0.762267599946    -0.000973093504     0.502611322817 
12.10    -0.781729470020    -0.000747087927     0.528603179701 
12.20    -0.796671228552    -0.000517568489     0.549002970972 
12.30    -0.807022598340    -0.000285855068     0.563362059005 
12.40    -0.812739699709    -0.000053275697     0.571372138153 
12.50    -0.813805213659     0.000178841030     0.572871319254 
12.60    -0.810228393066     0.000409173534     0.567846845971 
12.70    -0.802044922393     0.000636414760     0.556434403380 
12.80    -0.789316627189     0.000859279582     0.538914056951 
12.90    -0.772131035544     0.001076512053     0.515702936385 
13.00    -0.750600794477     0.001286892471     0.487344852039 
13.10    -0.724862945062     0.001489244208     0.454497100132 
13.20    -0.695078060901     0.001682440281     0.417914775162 
13.30    -0.661429255286     0.001865409606     0.378432962508 
13.40    -0.624121063160     0.002037142925     0.336947229956 
13.50    -0.583378204652     0.002196698351     0.294392872766 
13.60    -0.539444237624     0.002343206517     0.251723392247 
13.70    -0.492580107288     0.002475875290     0.209888702100 
13.80    -0.443062601482     0.002593994037     0.169813559679 
13.90    -0.391182720734     0.002696937402     0.132376710975 
14.00    -0.337243972685     0.002784168593     0.098391218668 
14.10    -0.281560600830     0.002855242146     0.068586412626 
14.20    -0.224455757913     0.002909806169     0.043591862443 
14.30    -0.166259634541     0.002947604034     0.023923723037 
14.40    -0.107307553855     0.002968475531     0.009973748062 
14.50    -0.047938043228     0.002972357460     0.002001203317 
14.60     0.011509105964     0.002959283670     0.000127844885 
14.70     0.070694779365     0.002929384553     0.004336055993 
14.80     0.129282470420     0.002882885975     0.014470164154 
14.90     0.186940189928     0.002820107681     0.030240887744 
15.00     0.243342343544     0.002741461156     0.051232790328 
15.10     0.298171566656     0.002647446982     0.076914553533 
15.20     0.351120506297     0.002538651691     0.106651816400 
15.30     0.401893540121     0.002415744136     0.139722272483 
15.40     0.450208422847     0.002279471409     0.175332666687 
15.50     0.495797851028     0.002130654323     0.212637292985 
15.60     0.538410937495     0.001970182493     0.250757562689 
15.70     0.577814587361     0.001799009036     0.288802191419 
15.80     0.613794768080     0.001618144929     0.325887541849 
15.90     0.646157666659     0.001428653057     0.361157658798 
16.00     0.674730727802     0.001231641983     0.393803543277 
16.10     0.699363567462     0.001028259477     0.423081232397 
16.20     0.719928757001     0.000819685846     0.448328282017 
16.30     0.736322473924     0.000607127099     0.468978287983 
16.40     0.748465015899     0.000391807985     0.484573128794 
16.50     0.756301175602     0.000174964955     0.494772666385 
16.60     0.759800474700    -0.000042160930     0.499361701264 
16.70     0.758957256104    -0.000258331084     0.498254041956 
16.80     0.753790634428    -0.000472316450     0.491493615248 
16.90     0.744344305419    -0.000682904477     0.479252611466 
17.00     0.730686215884    -0.000888905970     0.461826726445 
17.10     0.712908096485    -0.001089161800     0.439627627444 
17.20     0.691124860488    -0.001282549407     0.413172832532 
17.30     0.665473872357    -0.001467989079     0.383073250506 
17.40     0.636114090779    -0.001644449968     0.350018679948 
17.50     0.603225091424    -0.001810955801     0.314761610483 
17.60     0.567005975400    -0.001966590269     0.278099705589 
17.70     0.527674170014    -0.002110502050     0.240857373832 
17.80     0.485464129015    -0.002241909447     0.203866853414 
17.90     0.440625940068    -0.002360104618     0.167949243179 
18.00     0.393423847702    -0.002464457364     0.133895911637 
18.10     0.344134700430    -0.002554418465     0.102450704071 
18.20     0.293046331134    -0.002629522548     0.074293346944 
18.30     0.240455880178    -0.002689390459     0.050024418944 
18.40     0.186668070996    -0.002733731143     0.030152219979 
18.50     0.131993448128    -0.002762343012     0.015081824118 
18.60     0.076746587888    -0.002775114797     0.005106550933 
18.70     0.021244291942    -0.002772025889     0.000402033201 
18.80    -0.034196225847    -0.002753146155     0.001022998729 
18.90    -0.089259148945    -0.002718635240     0.006902821586 
19.00    -0.143631853754    -0.002668741367     0.017855834745 
19.10    -0.197006681094    -0.002603799623     0.033582333377 
19.20    -0.249082673555    -0.002524229768     0.053676137380 
19.30    -0.299567268924    -0.002430533562     0.077634524401 
19.40    -0.348177940172    -0.002323291634     0.104870291980 
19.50    -0.394643772844    -0.002203159910     0.134725660619 
19.60    -0.438706971052    -0.002070865634     0.166487689633 
19.70    -0.480124283732    -0.001927202978     0.199404845451 
19.80    -0.518668343286    -0.001773028300     0.232704338131 
19.90    -0.554128909286    -0.001609255058     0.265609827011 
20.00    -0.586314010447    -0.001436848412     0.297359090570 
20.10    -0.615050978693    -0.001256819555     0.327221259116 
20.20    -0.640187369802    -0.001070219796     0.354513221449 
20.30    -0.661591765719    -0.000878134433     0.378614838011 
20.40    -0.679154454384    -0.000681676461     0.398982622562 
20.50    -0.692787983595    -0.000481980128     0.415161591476 
20.60    -0.702427586146    -0.000280194407     0.426795023360 
20.70    -0.708031474278    -0.000077476394     0.433631920905 
20.80    -0.709581002150     0.000125015313     0.435532020477 
20.90    -0.707080695882     0.000326127224     0.432468251707 
21.00    -0.700558151401     0.000524717514     0.424526607945 
21.10    -0.690063801130     0.000719662493     0.411903447569 
21.20    -0.675670551268     0.000909862955     0.394900304374 
21.30    -0.657473292168     0.001094250358     0.373916341412 
21.40    -0.635588285007     0.001271792817     0.349438635300 
21.50    -0.610152428667     0.001441500864     0.322030526126 
21.60    -0.581322411387     0.001602432949     0.292318310477 
21.70    -0.549273752412     0.001753700648     0.260976590983 
21.80    -0.514199739458     0.001894473553     0.228712624212 
21.90    -0.476310268395     0.002023983816     0.196250029302 
22.00    -0.435830592081     0.002141530315     0.164312231840 
22.10    -0.392999985791     0.002246482435     0.133606021065 
22.20    -0.348070337098     0.002338283429     0.104805593394 
22.30    -0.301304668523     0.002416453348     0.078537441791 
22.40    -0.252975601568     0.002480591523     0.055366428867 
22.50    -0.203363771109     0.002530378589     0.035783352507 
22.60    -0.152756199320     0.002565578038     0.020194276831 
22.70    -0.101444638559     0.002586037291     0.008911859406 
22.80    -0.049723892743     0.002591688294     0.002148858691 
22.90     0.002109873134     0.002582547627     0.000013954975 
23.00     0.053760825678     0.002558716131     0.002509964564 
23.10     0.104935148301     0.002520378054     0.009534472070 
23.20     0.155342709379     0.002467799726     0.020882850518 
23.30     0.204698703905     0.002401327774     0.036253584922 
23.40     0.252725259380     0.002321386875     0.055255763158 
23.50     0.299152996883     0.002228477086     0.077418549603 
23.60     0.343722538597     0.002123170738     0.102202413161 
23.70     0.386185953347     0.002006108939     0.129011842913 
23.80     0.426308132137     0.001877997696     0.157209252566 
23.90     0.463868086058     0.001739603669     0.186129749818 
24.00     0.498660159444     0.001591749608     0.215096429248 
24.10     0.530495151612     0.001435309476     0.243435837662 
24.20     0.559201341131     0.001271203296     0.270493259209 
24.30     0.584625407058     0.001100391761     0.295647474046 
24.40     0.606633242277     0.000923870617     0.318324658508 
24.50     0.625110654615     0.000742664876     0.338011116494 
24.60     0.639963952143     0.000557822877     0.354264560354 
24.70     0.651120409689     0.000370410230     0.366723694409 
24.80     0.658528614297     0.000181503689     0.375115894418 
24.90     0.662158688075    -0.000007815027     0.379262820979 
25.00     0.662002387538    -0.000196465411     0.379083852834 
25.10     0.658073079325    -0.000383374326     0.374597276407 
25.20     0.650405592796    -0.000567482101     0.365919219280 
25.30     0.639055950784    -0.000747748518     0.353260366699 
25.40     0.624100980426    -0.000923158687     0.336920550326 
25.50     0.605637806688    -0.001092728742     0.317281346245 
25.60     0.583783231858    -0.001255511347     0.294796863563 
25.70     0.558673004914    -0.001410600980     0.269982944892 
25.80     0.530460985312    -0.001557138951     0.243405034645 
25.90     0.499318206288    -0.001694318147     0.215664999660 
26.00     0.465431843349    -0.001821387459     0.187387208635 
26.10     0.429004094163    -0.001937655883     0.159204191663 
26.20     0.390250976498    -0.002042496258     0.131742208592 
26.30     0.349401051347    -0.002135348629     0.105607054866 
26.40     0.306694078770    -0.002215723223     0.081370425915 
26.50     0.262379614320    -0.002283203003     0.059557146358 
26.60     0.216715554257    -0.002337445812     0.040633548645 
26.70     0.169966638021    -0.002378186070     0.024997257695 
26.80     0.122402916619    -0.002405236041     0.012968604525 
26.90     0.074298195797    -0.002418486644     0.004783853295 
27.00     0.025928462922    -0.002417907815     0.000590383800 
27.10    -0.022429693373    -0.002403548420     0.000443926063 
27.20    -0.070500661774    -0.002375535716     0.004307896366 
27.30    -0.118011376096    -0.002334074366     0.012054836001 
27.40    -0.164692863415    -0.002279445018     0.023469906202 
27.50    -0.210281763779    -0.002212002456     0.038256346281 
27.60    -0.254521812902    -0.002132173332     0.056042757992 
27.70    -0.297165279536    -0.002040453496     0.076392038535 
27.80    -0.337974349463    -0.001937404947     0.098811748284 
27.90    -0.376722448404    -0.001823652404     0.122765668157 
28.00    -0.413195496490    -0.001699879545     0.147686276076 
28.10    -0.447193087386    -0.001566824910     0.172987852890 
28.20    -0.478529585589    -0.001425277516     0.198079915701 
28.30    -0.507035135914    -0.001276072189     0.222380671095 
28.40    -0.532556579697    -0.001120084656     0.245330182354 
28.50    -0.554958272815    -0.000958226418     0.266402953220 
28.60    -0.574122801172    -0.000791439437     0.285119646025 
28.70    -0.589951589910    -0.000620690666     0.301057673513 
28.80    -0.602365403230    -0.000446966455     0.313860431008 
28.90    -0.611304732330    -0.000271266864     0.323244968023 
29.00    -0.616730069614    -0.000094599919     0.329007935191 
29.10    -0.618622067993     0.000082024163     0.331029682695 
29.20    -0.616981584738     0.000257598736     0.329276429190 
29.30    -0.611829610022     0.000431126454     0.323800464613 
29.40    -0.603207080938     0.000601624926     0.314738395215 
29.50    -0.591174582428     0.000768132261     0.302307483567 
29.60    -0.575811937199     0.000929712493     0.286800179286 
29.70    -0.557217687337     0.001085460821     0.268576976696 
29.80    -0.535508470921     0.001234508669     0.248057772778 
29.90    -0.510818297541     0.001376028518     0.225711931718 
30.00    -0.483297727189     0.001509238484     0.202047290405 
30.10    -0.453112957503     0.001633406630     0.177598361749 
30.20    -0.420444824895     0.001747854969     0.152914009246 
30.30    -0.385487725518     0.001851963151     0.128544876442 
30.40    -0.348448462498     0.001945171813     0.105030858625 
30.50    -0.309545026242     0.002026985562     0.082888901265 
30.60    -0.269005314996     0.002096975593     0.062601400384 
30.70    -0.227065803146     0.002154781907     0.044605464573 
30.80    -0.183970165010     0.002200115144     0.029283277064 
30.90    -0.139967862138     0.002232757993     0.016953769694 
31.00    -0.095312702270     0.002252566200     0.007865789393 
31.10    -0.050261378266     0.002259469143     0.002192902695 
31.20    -0.005071995413     0.002253469994     0.000029945606 
31.30     0.039997404471     0.002234645462     0.001391385760 
31.40     0.084690313714     0.002203145108     0.006211522170 
31.50     0.128753215866     0.002159190253     0.014346505951 
31.60     0.171937020933     0.002103072485     0.025578124094 
31.70     0.213998470641     0.002035151760     0.039619248694 
31.80     0.254701505838     0.001955854126     0.056120816799 
31.90     0.293818588349     0.001865669078     0.074680172166 
32.00     0.331131969904     0.001765146559     0.094850570341 
32.10     0.366434901081     0.001654893625     0.116151623361 
32.20     0.399532773576     0.001535570796     0.138080440481 
32.30     0.430244189496     0.001407888117     0.160123207100 
32.40     0.458401951828     0.001272600944     0.181766935827 
32.50     0.483853970703     0.001130505493     0.202511121430 
32.60     0.506464080557     0.000982434163     0.221879035376 
32.70     0.526112763823     0.000829250677     0.239428405623 
32.80     0.542697777354     0.000671845047     0.254761242911 
32.90     0.556134678304     0.000511128426     0.267532595854 
33.00     0.566357246818     0.000348027832     0.277458042837 
33.10     0.573317803452     0.000183480821     0.284319758750 
33.20     0.576987419866     0.000018430104     0.287971028036 
33.30     0.577356021938    -0.000146181844     0.288339111674 
33.40     0.574432385065    -0.000309418152     0.285426413781 
33.50     0.568244022033    -0.000470352879     0.279309932485 
33.60     0.558836964453    -0.000628076255     0.270139018843 
33.70     0.546275439358    -0.000781699811     0.258131505882 
33.80     0.530641443143    -0.000930361376     0.243568306464 
33.90     0.512034215625    -0.001073229904     0.226786612856 
34.00     0.490569617545    -0.001209510108     0.208171861770 
34.10     0.466379415379    -0.001338446877     0.188148655643 
34.20     0.439610477837    -0.001459329445     0.167170853382 
34.30     0.410423888930    -0.001571495300     0.145711061283 
34.40     0.378993982927    -0.001674333798     0.124249766958 
34.50     0.345507306958    -0.001767289476     0.103264365592 
34.60     0.310161517431    -0.001849865034     0.083218328695 
34.70     0.273164216748    -0.001921623979     0.064550760602 
34.80     0.234731737172    -0.001982192912     0.047666577566 
34.90     0.195087878927    -0.002031263451     0.032927528573 
35.00     0.154462609901    -0.002068593772     0.020644256453 
35.10     0.113090734462    -0.002094009768     0.011069572890 
35.20     0.071210539105    -0.002107405820     0.004393092217 
35.30     0.029062422703    -0.002108745173     0.000737337029 
35.40    -0.013112480766    -0.002098059919     0.000155394447 
35.50    -0.055073679144    -0.002075450584     0.002630166121 
35.60    -0.096582690823    -0.002041085334     0.008075218519 
35.70    -0.137404397504    -0.001995198791     0.016337203652 
35.80    -0.177308373330    -0.001938090478     0.027199784889 
35.90    -0.216070182891    -0.001870122895     0.040388968703 
36.00    -0.253472640801    -0.001791719250     0.055579711925 
36.10    -0.289307025806    -0.001703360842     0.072403645910 
36.20    -0.323374242642    -0.001605584127     0.090457734715 
36.30    -0.355485925188    -0.001498977483     0.109313664305 
36.40    -0.385465474841    -0.001384177677     0.128527744596 
36.50    -0.413149028379    -0.001261866083     0.147651095841 
36.60    -0.438386350046    -0.001132764649     0.166239885980 
36.70    -0.461041643024    -0.000997631645     0.183865385893 
36.80    -0.480994275918    -0.000857257225     0.200123615206 
36.90    -0.498139420410    -0.000712458816     0.214644362084 
37.00    -0.512388596724    -0.000564076369     0.227099376101 
37.10    -0.523670124113    -0.000412967499     0.237209553410 
37.20    -0.531929474098    -0.000260002534     0.244750957500 
37.30    -0.537129524775    -0.000106059514     0.249559546365 
37.40    -0.539250715061     0.000047980836     0.251534507133 
37.50    -0.538291098338     0.000201240141     0.250640131520 
37.60    -0.534266295508     0.000352847372     0.246906199076 
37.70    -0.527209348071     0.000501943785     0.240426869340 
37.80    -0.517170472381     0.000647687778     0.231358117881 
37.90    -0.504216716817     0.000789259634     0.219913784093 
38.00    -0.488431524138     0.000925866116     0.206360329713 
38.10    -0.469914201825     0.001056744904     0.191010435686 
38.20    -0.448779303739     0.001181168841     0.174215590564 
38.30    -0.425155926914     0.001298449958     0.156357845542 
38.40    -0.399186927760     0.001407943267     0.137840929041 
38.50    -0.371028062426     0.001509050298     0.119080926996 
38.60    -0.340847056457     0.001601222358     0.100496743578 
38.70    -0.308822609296     0.001683963489     0.082500560606 
38.80    -0.275143339509     0.001756833128     0.065488512535 
38.90    -0.240006676946     0.001819448431     0.049831787551 
39.00    -0.203617708326     0.001871486267     0.035868354268 
39.10    -0.166187982978     0.001912684865     0.023895497939 
39.20    -0.127934285685     0.001942845098     0.014163330548 
39.30    -0.089077383723     0.001961831420     0.006869415857 
39.40    -0.049840755331     0.001969572421     0.002154624283 
39.50    -0.010449306910     0.001966061029     0.000100303708 
39.60     0.028871913676     0.001951354336     0.000726821893 
39.70     0.067899000387     0.001925573058     0.003993504594 
39.80     0.106410461539     0.001888900642     0.009799961609 
39.90     0.144188474388     0.001841582014     0.017988761474 
40.00     0.181020114672     0.001783921975     0.028349385159 
40.10     0.216698554170     0.001716283270     0.040623360450 
40.20     0.251024219572     0.001639084330     0.054510452567 
40.30     0.283805906175     0.001552796702     0.069675763343 
40.40     0.314861840211     0.001457942185     0.085757571611 
40.50     0.344020683909     0.001355089693     0.102375731724 
40.60     0.371122477765     0.001244851854     0.119140435609 
40.70     0.396019514849     0.001127881377     0.135661136818 
40.80     0.418577142385     0.001004867195     0.151555432654 
40.90     0.438674486284     0.000876530423     0.166457702736 
41.00     0.456205094746     0.000743620139     0.180027309279 
41.10     0.471077497533     0.000606909023     0.191956175543 
41.20     0.483215678002     0.000467188875     0.201975574291 
41.30     0.492559455494     0.000325266035     0.209861977159 
41.40     0.499064776197     0.000181956746     0.215441838136 
41.50     0.502703911123     0.000038082463     0.218595209450 
41.60     0.503465560377    -0.000105534847     0.219258115343 
41.70     0.501354863441    -0.000248077387     0.217423637955 
41.80     0.496393315709    -0.000388736182     0.213141699097 
41.90     0.488618592067    -0.000526715662     0.206517551470 
42.00     0.478084278835    -0.000661238147     0.197709022096 
42.10     0.464859515886    -0.000791548230     0.186922578847 
42.20     0.449028551291    -0.000916916999     0.174408317207 
42.30     0.430690211311    -0.001036646114     0.160453988346 
42.40     0.409957289040    -0.001150071680     0.145378210531 
42.50     0.386955855442    -0.001256567923     0.129523023591 
42.60     0.361824496979    -0.001355550628     0.113245959960 
42.70     0.334713484410    -0.001446480334     0.096911815741 
42.80     0.305783877721    -0.001528865261     0.080884310796 
42.90     0.275206572509    -0.001602263953     0.065517828166 
43.00     0.243161293441    -0.001666287637     0.051149420072 
43.10     0.209835540703    -0.001720602255     0.038091260448 
43.20     0.175423495601    -0.001764930196     0.026623712622 
43.30     0.140124891678    -0.001799051689     0.016989165686 
43.40     0.104143857907    -0.001822805863     0.009386774587 
43.50     0.067687740643    -0.001836091477     0.003968217568 
43.60     0.030965911108    -0.001838867292     0.000834560689 
43.70    -0.005811434726    -0.001831152114     0.000034293423 
43.80    -0.042434477008    -0.001813024488     0.001562572278 
43.90    -0.078694966778    -0.001784622053     0.005361681681 
44.00    -0.114387407841    -0.001746140561     0.011322693643 
44.10    -0.149310219065    -0.001697832573     0.019288280605 
44.20    -0.183266870518    -0.001640005828     0.029056609915 
44.30    -0.216066987086    -0.001573021314     0.040386224326 
44.40    -0.247527413361    -0.001497291025     0.053001791065 
44.50    -0.277473233864    -0.001413275454     0.066600583099 
44.60    -0.305738742951    -0.001321480803     0.080859540446 
44.70    -0.332168359009    -0.001222455947     0.095442747212 
44.80    -0.356617477942    -0.001116789166     0.110009151657 
44.90    -0.378953261272    -0.001005104665     0.124220352214 
45.00    -0.399055354567    -0.000888058889     0.137748272050 
45.10    -0.416816532355    -0.000766336685     0.150282548439 
45.20    -0.432143266061    -0.000640647297     0.161537470877 
45.30    -0.444956212011    -0.000511720248     0.171258313189 
45.40    -0.455190616963    -0.000380301109     0.179226919685 
45.50    -0.462796639140    -0.000247147203     0.185266423296 
45.60    -0.467739583202    -0.000113023245     0.189244994158 
45.70    -0.470000048111     0.000021303039     0.191078539806 
45.80    -0.469573987326     0.000155065302     0.190732302509 
45.90    -0.466472681277     0.000287502935     0.188221324684 
46.00    -0.460722622569     0.000417865387     0.183609779265 
46.10    -0.452365314837     0.000545416406     0.177009187709 
46.20    -0.441456986720     0.000669438195     0.168575573466 
46.30    -0.428068222825     0.000789235437     0.158505622617 
46.40    -0.412283514080     0.000904139189     0.147031945488 
46.50    -0.394200730309     0.001013510602     0.134417552860 
46.60    -0.373930518269     0.001116744471     0.120949677490 
46.70    -0.351595628850     0.001213272568     0.106933085712 
46.80    -0.327330177491     0.001302566762     0.092683034479 
46.90    -0.301278842259     0.001384141895     0.078518036297 
47.00    -0.273596004352     0.001457558411     0.064752597744 
47.10    -0.244444836133     0.001522424704     0.051690096826 
47.20    -0.213996342055     0.001578399198     0.039615960153 
47.30    -0.182428358099     0.001625192126     0.028791293044 
47.40    -0.149924515576     0.001662567014     0.019447104376 
47.50    -0.116673175294     0.001690341850     0.011779253548 
47.60    -0.082866338298     0.001708389943     0.005944229643 
47.70    -0.048698539429     0.001716640466     0.002055853282 
47.80    -0.014365730101     0.001715078671     0.000182970049 
47.90     0.019935843324     0.001703745791     0.000348181405 
48.00     0.054010759148     0.001682738620     0.002527635108 
48.10     0.087665531547     0.001652208778     0.006651872927 
48.20     0.120709707103     0.001612361666     0.012607709442 
48.30     0.152956940422     0.001563455119     0.020241092418 
48.40     0.184226042802     0.001505797762     0.029360873294 
48.50     0.214341998043     0.001439747085     0.039743396089 
48.60     0.243136939736     0.001365707242     0.051137795028 
48.70     0.270451084568     0.001284126596     0.063271875816 
48.80     0.296133616480     0.001195495016     0.075858443021 
48.90     0.320043516799     0.001100340949     0.088601926824 
49.00     0.342050335786     0.000999228280     0.101205156525 
49.10     0.362034901395     0.000892753001     0.113376125869 
49.20     0.379889961420     0.000781539707     0.124834596480 
49.30     0.395520755570     0.000666237944     0.135318390362 
49.40     0.408845514459     0.000547518422     0.144589230471 
49.50     0.419795882908     0.000426069123     0.152437999585 
49.60     0.428317265373     0.000302591322     0.158689301757 
49.70     0.434369091820     0.000177795547     0.163205227249 
49.80     0.437925002763     0.000052397497     0.165888240619 
49.90     0.438972952700    -0.000072886055     0.166683132068 
50.00     0.437515231604    -0.000197341348     0.165577993871 
50.10     0.433568404645    -0.000320261696     0.162604206093 
50.20     0.427163170724    -0.000440951490     0.157835438450 
50.30     0.418344140916    -0.000558730129     0.151385697458 
50.40     0.407169538345    -0.000672935845     0.143406469563 
50.50     0.393710821444    -0.000782929421     0.134083031110 
50.60     0.378052233031    -0.000888097753     0.123630014535 
50.70     0.360290277979    -0.000987857263     0.112286336442 
50.80     0.340533132726    -0.001081657127     0.100309607052 
50.90     0.318899990194    -0.001168982306     0.087970151518 
51.00     0.295520344069    -0.001249356367     0.075544781552 
51.10     0.270533216728    -0.001322344067     0.063310460590 
51.20     0.244086335392    -0.001387553701     0.051538007181 
51.30     0.216335261373    -0.001444639192     0.040485979474 
51.40     0.187442477542    -0.001493301910     0.030394878640 
51.50     0.157576439338    -0.001533292224     0.021481800855 
51.60     0.126910594867    -0.001564410755     0.013935656495 
51.70     0.095622379772    -0.001586509355     0.007913061452 
51.80     0.063892192676    -0.001599491778     0.003534989563 
51.90     0.031902357125    -0.001603314058     0.000884257221 
52.00    -0.000163924034    -0.001597984590     0.000003891879 
52.10    -0.032123615837    -0.001583563907     0.000896415718 
52.20    -0.063794893976    -0.001560164163     0.003524054730 
52.30    -0.094998177239    -0.001527948326     0.007809862391 
52.40    -0.125557143764    -0.001487129080     0.013639726345 
52.50    -0.155299725362    -0.001437967448     0.020865206705 
52.60    -0.184059074320    -0.001380771147     0.029307135948 
52.70    -0.211674497256    -0.001315892678     0.038759893596 
52.80    -0.237992350825    -0.001243727173     0.048996254068 
52.90    -0.262866894276    -0.001164709995     0.059772693724 
53.00    -0.286161094167    -0.001079314131     0.070835033472 
53.10    -0.307747376784    -0.000988047369     0.081924286448 
53.20    -0.327508324163    -0.000891449289     0.092782576516 
53.30    -0.345337309934    -0.000790088081     0.103158992574 
53.40    -0.361139071547    -0.000684557215     0.112815246040 
53.50    -0.374830215844    -0.000575471973     0.121531004183 
53.60    -0.386339655305    -0.000463465870     0.129108780234 
53.70    -0.395608972713    -0.000349186984     0.135378272013 
53.80    -0.402592712394    -0.000233294211     0.140200054098 
53.90    -0.407258596614    -0.000116453477     0.143468543852 
54.00    -0.409587666152     0.000000666084     0.145114178669 
54.10    -0.409574344480     0.000117395951     0.145104760142 
54.20    -0.407226425463     0.000233072029     0.143445940079 
54.30    -0.402564984874     0.000347038419     0.140180842956 
54.40    -0.395624216499     0.000458651125     0.135388839085 
54.50    -0.386451194001     0.000567281692     0.129183501963 
54.60    -0.375105560159     0.000672320734     0.121709801595 
54.70    -0.361659145475     0.000773181345     0.113140602624 
54.80    -0.346195518578     0.000869302370     0.103672551442 
54.90    -0.328809471185     0.000960151519     0.093521449780 
55.00    -0.309606440801     0.001045228309     0.082917223321 
55.10    -0.288701874628     0.001124066806     0.072098602380 
55.20    -0.266220538514     0.001196238172     0.061307637428 
55.30    -0.242295775067     0.001261352987     0.050784175245 
55.40    -0.217068715319     0.001319063336     0.040760421493 
55.50    -0.190687448593     0.001369064657     0.031455712761 
55.60    -0.163306155445     0.001411097335     0.023071615513 
55.70    -0.135084208735     0.001444948033     0.015787461214 
55.80    -0.106185248074     0.001470450754     0.009756416247 
55.90    -0.076776232985     0.001487487635     0.005102172426 
56.00    -0.047026480276     0.001495989457     0.001916329264 
56.10    -0.017106691131     0.001495935880     0.000256522936 
56.20     0.012812026470     0.001487355398     0.000145339562 
56.30     0.042559134438     0.001470325018     0.001570032346 
56.40     0.071965634794     0.001444969656     0.004483043717 
56.50     0.100865027906     0.001411461272     0.008803315302 
56.60     0.129094253336     0.001370017732     0.014418350779 
56.70     0.156494607980     0.001320901418     0.021186979755 
56.80     0.182912636342     0.001264417581     0.028942755251 
56.90     0.208200987969     0.001200912464     0.037497903372 
57.00     0.232219237253     0.001130771191     0.046647731785 
57.10     0.254834661069     0.001054415443     0.056175393742 
57.20     0.275922969935     0.000972300938     0.065856897051 
57.30     0.295368988695     0.000884914716     0.075466242510 
57.40     0.313067283010     0.000792772262     0.084780574152 
57.50     0.328922728251     0.000696414475     0.093585224168 
57.60     0.342851017759     0.000596404500     0.101678538510 
57.70     0.354779107760     0.000493324443     0.108876374941 
57.80     0.364645596620     0.000387771993     0.115016173437 
57.90     0.372401036481     0.000280356963     0.119960509235 
58.00     0.378008175739     0.000171697773     0.123600051163 
58.10     0.381442131198     0.000062417898     0.125855861929 
58.20     0.382690489152    -0.000046857704     0.126680992398 
58.30     0.381753335067    -0.000155506158     0.126061338278 
58.40     0.378643211902    -0.000262910216     0.124015744580 
58.50     0.373385007572    -0.000368461758     0.120595360439 
58.60     0.366015772407    -0.000471565226     0.115882263884 
58.70     0.356584467880    -0.000571640980     0.109987392626 
58.80     0.345151648280    -0.000668128547     0.103047832458 
58.90     0.331789077338    -0.000760489755     0.095223529135 
59.00     0.316579282236    -0.000848211726     0.086693502266 
59.10     0.299615047716    -0.000930809716     0.077651650554 
59.20     0.280998853401    -0.001007829785     0.068302246422 
59.30     0.260842257695    -0.001078851286     0.058855224479 
59.40     0.239265231972    -0.001143489149     0.049521372279 
59.50     0.216395448998    -0.001201395960     0.040507533329 
59.60     0.192367529801    -0.001252263819     0.032011931311 
59.70     0.167322253414    -0.001295825965     0.024219720996 
59.80     0.141405734120    -0.001331858156     0.017298865497 
59.90     0.114768571002    -0.001360179814     0.011396431415 
60.00     0.087564974721    -0.001380654906     0.006635383355 
60.10     0.059951876596    -0.001393192575     0.003111947387 
60.20     0.032088025098    -0.001397747506     0.000893599624 
60.30     0.004133074978    -0.001394320038     0.000017721552 
60.40    -0.023753325783    -0.001382956009     0.000490948260 
60.50    -0.051412445970    -0.001363746347     0.002289219858 
60.60    -0.078687372905    -0.001336826399     0.005358530260 
60.70    -0.105423900888    -0.001302375019     0.009616351744 
60.80    -0.131471401271    -0.001260613401     0.014953698446 
60.90    -0.156683669284    -0.001211803678     0.021237777700 
61.00    -0.180919742845    -0.001156247298     0.028315165064 
61.10    -0.204044688800    -0.001094283170     0.036015427444 
61.20    -0.225930352192    -0.001026285612     0.044155108988 
61.30    -0.246456064439    -0.000952662103     0.052541986781 
61.40    -0.265509306493    -0.000873850844     0.060979497814 
61.50    -0.282986323365    -0.000790318166     0.069271235492 
61.60    -0.298792686676    -0.000702555775     0.077225412994 
61.70    -0.312843802173    -0.000611077868     0.084659192268 
61.80    -0.325065359537    -0.000516418127     0.091402781127 
61.90    -0.335393722077    -0.000419126611     0.097303206855 
62.00    -0.343776254298    -0.000319766569     0.102227682671 
62.10    -0.350171585688    -0.000218911187     0.106066493203 
62.20    -0.354549809418    -0.000117140281     0.108735336554 
62.30    -0.356892615047    -0.000015036982     0.110177073296 
62.40    -0.357193354679     0.000086815612     0.110362846541 
62.50    -0.355457042440     0.000187837749     0.109292551756 
62.60    -0.351700287462     0.000287456323     0.106994649940 
62.70    -0.345951161010     0.000385108115     0.103525332707 
62.80    -0.338248998702     0.000480242976     0.098967062541 
62.90    -0.328644139178     0.000572326914     0.093426525487 
63.00    -0.317197600901     0.000660845087     0.087032046710 
63.10    -0.303980699160     0.000745304676     0.079930531175 
63.20    -0.289074605631     0.000825237621     0.072284002133 
63.30    -0.272569853209     0.000900203205     0.064265818724 
63.40    -0.254565789110     0.000969790479     0.056056660800 
63.50    -0.235169979538     0.001033620504     0.047840373756 
63.60    -0.214497569456     0.001091348409     0.039799768744 
63.70    -0.192670601268     0.001142665242     0.032112474024 
63.80    -0.169817296434     0.001187299610     0.024946931421 
63.90    -0.146071304226     0.001225019110     0.018458627937 
64.00    -0.121570922021     0.001255631518     0.012786646620 
64.10    -0.096458291669     0.001278985754     0.008050613001 
64.20    -0.070878576590     0.001294972611     0.004348103901 
64.30    -0.044979124370     0.001303525236     0.001752574464 
64.40    -0.018908619653     0.001304619372     0.000311847129 
64.50     0.007183767790     0.001298273358     0.000047193193 
64.60     0.033149234951     0.001284547881     0.000953023934 
64.70     0.058840192577     0.001263545494     0.002997194316 
64.80     0.084111102458     0.001235409890     0.006121908336 
64.90     0.108819300256     0.001200324950     0.010245201475 
65.00     0.132825799249     0.001158513561     0.015262962761 
65.10     0.155996070461     0.001110236217     0.021051446935 
65.20     0.178200794809     0.001055789414     0.027470216386 
65.30     0.199316583080     0.000995503833     0.034365443159 
65.40     0.219226659730     0.000929742350     0.041573493609 
65.50     0.237821506733     0.000858897860     0.048924712365 
65.60     0.254999463938     0.000783390936     0.056247318274 
65.70     0.270667282659     0.000703667342     0.063371323034 
65.80     0.284740629493     0.000620195408     0.070132383296 
65.90     0.297144537658     0.000533463290     0.076375499108 
66.00     0.307813803457     0.000443976116     0.081958475652 
66.10     0.316693325777     0.000352253056     0.086755071126 
66.20     0.323738386892     0.000258824313     0.090657761312 
66.30     0.328914873145     0.000164228066     0.093580060477 
66.40     0.332199434466     0.000069007377     0.095458348799 
66.50     0.333579582005    -0.000026292924     0.096253168011 
66.60     0.333053723533    -0.000121129346     0.095949959315 
66.70     0.330631136615    -0.000214962835     0.094559230459 
66.80     0.326331879913    -0.000307261829     0.092116151939 
66.90     0.320186643325    -0.000397505265     0.088679595263 
67.00     0.312236538017    -0.000485185513     0.084330638796 
67.10     0.302532827749    -0.000569811227     0.079170578661 
67.20     0.291136603208    -0.000650910090     0.073318493176 
67.30     0.278118401405    -0.000728031446     0.066908419093 
67.40     0.263557772477    -0.000800748797     0.060086206426 
67.50     0.247542796539    -0.000868662151     0.053006125422 
67.60     0.230169553510    -0.000931400221     0.045827304481 
67.70     0.211541549082    -0.000988622441     0.038710081067 
67.80     0.191769100254    -0.001040020810     0.031812349147 
67.90     0.170968684063    -0.001085321536     0.025285986208 
68.00     0.149262253351    -0.001124286489     0.019273440529 
68.10     0.126776523569    -0.001156714439     0.013904555245 
68.20     0.103642234789    -0.001182442079     0.009293699826 
68.30     0.079993393201    -0.001201344835     0.005537272149 
68.40     0.055966496493    -0.001213337445     0.002711625516 
68.50     0.031699747587    -0.001218374318     0.000871464928 
68.60     0.007332261236    -0.001216449659     0.000048745998 
68.70    -0.016996731953    -0.001207597379     0.000252098208 
68.80    -0.041148679543    -0.001191890763     0.001466782176 
68.90    -0.064986494800    -0.001169441924     0.003655178404 
69.00    -0.088375333281    -0.001140401040     0.006757792875 
69.10    -0.111183354085    -0.001104955369     0.010694753269 
69.20    -0.133282461468    -0.001063328060     0.015367758533 
69.30    -0.154549022670    -0.001015776764     0.020662434534 
69.40    -0.174864557941    -0.000962592048     0.026451039559 
69.50    -0.194116398910    -0.000904095638     0.032595455866 
69.60    -0.212198311670    -0.000840638473     0.038950397416 
69.70    -0.229011081130    -0.000772598615     0.045366759434 
69.80    -0.244463053424    -0.000700379001     0.051695032737 
69.90    -0.258470633445    -0.000624405068     0.057788704797 
70.00    -0.270958734798    -0.000545122248     0.063507570303 
70.10    -0.281861179767    -0.000462993371     0.068720876590 
70.20    -0.291121047187    -0.000378495961     0.073310233497 
70.30    -0.298690966406    -0.000292119471     0.077172223083 
70.40    -0.304533355836    -0.000204362454     0.080220651839 
70.50    -0.308620604919    -0.000115729687     0.082388396571 
70.60    -0.310935198663    -0.000026729277     0.083628804651 
70.70    -0.311469784211     0.000062130247     0.083916619750 
70.80    -0.310227179274     0.000150342836     0.083248415131 
70.90    -0.307220322557     0.000237407795     0.081642527891 
71.00    -0.302472166660     0.000322832621     0.079138498932 
71.10    -0.296015514247     0.000406135782     0.075796034637 
71.20    -0.287892798614     0.000486849427     0.071693517011 
71.30    -0.278155810078     0.000564522007     0.066926099106 
71.40    -0.266865369935     0.000638720796     0.061603431771 
71.50    -0.254090954010     0.000709034295     0.055847075802 
71.60    -0.239910268120     0.000775074505     0.049787660410 
71.70    -0.224408778018     0.000836479068     0.043561854240 
71.80    -0.207679196662     0.000892913241     0.037309219049 
71.90    -0.189820931850     0.000944071716     0.031169018312 
72.00    -0.170939497525     0.000989680266     0.025277053612 
72.10    -0.151145892206     0.001029497200     0.019762600527 
72.20    -0.130555948212     0.001063314637     0.014745513022 
72.30    -0.109289655464     0.001090959582     0.010333561047 
72.40    -0.087470463833     0.001112294789     0.006620060325 
72.50    -0.065224568048     0.001127219436     0.003681846295 
72.60    -0.042680179324     0.001135669572     0.001577635981 
72.70    -0.019966787894     0.001137618361     0.000346812491 
72.80     0.002785579325     0.001133076117     0.000008656976 
72.90     0.025447101669     0.001122090119     0.000562042576 
73.00     0.047888904052     0.001104744220     0.001985594265 
73.10     0.069983788456     0.001081158250     0.004238307898 
73.20     0.091606953459     0.001051487213     0.007260611365 
73.30     0.112636697722     0.001015920289     0.010975840830 
73.40     0.132955103497     0.000974679640     0.015292095758 
73.50     0.152448696306     0.000928019041     0.020104428077 
73.60     0.171009077131     0.000876222322     0.025297313524 
73.70     0.188533523576     0.000819601656     0.030747347124 
73.80     0.204925556702     0.000758495685     0.036326100081 
73.90     0.220095470401     0.000693267501     0.041903072058 
74.00     0.233960820417     0.000624302498     0.047348671126 
74.10     0.246446870370     0.000552006100     0.052537153464 
74.20     0.257486992364     0.000476801385     0.057349456239 
74.30     0.267023020062     0.000399126615     0.061675859998 
74.40     0.275005552365     0.000319432688     0.065418421150 
74.50     0.281394206124     0.000238180525     0.068493120789 
74.60     0.286157816620     0.000155838411     0.070831682844 
74.70     0.289274584832     0.000072879300     0.072383022444 
74.80     0.290732170837    -0.000010221893     0.073114293971 
74.90     0.290527732981    -0.000092991010     0.073011517642 
75.00     0.288667912786    -0.000174957347     0.072079773124 
75.10     0.285168765839    -0.000255656329     0.070342958654 
75.20     0.280055639262    -0.000334632133     0.067843123984 
75.30     0.273362996607    -0.000411440261     0.064639395110 
75.40     0.265134191378    -0.000485650038     0.060806517935 
75.50     0.255421190611    -0.000556847017     0.056433056459 
75.60     0.244284250275    -0.000624635289     0.051619288723 
75.70     0.231791544494    -0.000688639682     0.046474850336 
75.80     0.218018750851    -0.000748507828     0.041116180800 
75.90     0.203048594290    -0.000803912097     0.035663831978 
76.00     0.186970352354    -0.000854551383     0.030239700791 
76.10     0.169879324693    -0.000900152735     0.024964249555 
76.20     0.151876270000    -0.000940472816     0.019953777203 
76.30     0.133066813684    -0.000975299197     0.015317803103 
76.40     0.113560829753    -0.001004451462     0.011156622195 
76.50     0.093471800512    -0.001027782135     0.007559085879 
76.60     0.072916157810    -0.001045177409     0.004600657630 
76.70     0.052012609636    -0.001056557683     0.002341785716 
76.80     0.030881455972    -0.001061877908     0.000826627930 
76.90     0.009643897810    -0.001061127724     0.000082155000 
77.00    -0.011578656679    -0.001054331410     0.000117650573 
77.10    -0.032665284872    -0.001041547625     0.000924616527 
77.20    -0.053496237379    -0.001022868969     0.002477083098 
77.30    -0.073953616761    -0.000998421335     0.004732314099 
77.40    -0.093922043470    -0.000968363088     0.007631888622 
77.50    -0.113289305231    -0.000932884050     0.011103132141 
77.60    -0.131946986234    -0.000892204319     0.015060862191 
77.70    -0.149791072617    -0.000846572912     0.019409406881 
77.80    -0.166722530855    -0.000796266250     0.024044848555 
77.90    -0.182647855859    -0.000741586495     0.028857440126 
78.00    -0.197479585753    -0.000682859738     0.033734138013 
78.10    -0.211136780514    -0.000620434067     0.038561193356 
78.20    -0.223545461847    -0.000554677505     0.043226742204 
78.30    -0.234639011944    -0.000485975851     0.047623335827 
78.40    -0.244358528957    -0.000414730419     0.051650354015 
78.50    -0.252653137331    -0.000341355701     0.055216247283 
78.60    -0.259480251353    -0.000266276962     0.058240558147 
78.70    -0.264805790584    -0.000189927776     0.060655676969 
78.80    -0.268604346102    -0.000112747533     0.062408294213 
78.90    -0.270859296763    -0.000035178911     0.063460518101 
79.00    -0.271562874988     0.000042334656     0.063790634452 
79.10    -0.270716181873     0.000119351509     0.063393493806 
79.20    -0.268329151685     0.000195434277     0.062280519467 
79.30    -0.264420466135     0.000270152353     0.060479338786 
79.40    -0.259017419067     0.000343084328     0.058033048550 
79.50    -0.252155732500     0.000413820363     0.054999133559 
79.60    -0.243879325239     0.000481964486     0.051448065285 
79.70    -0.234240035522     0.000547136804     0.047461614547 
79.80    -0.223297299440     0.000608975617     0.043130918445 
79.90    -0.211117787108     0.000667139416     0.038554347117 
80.00    -0.197774998798     0.000721308766     0.033835220113 
80.10    -0.183348823470     0.000771188056     0.029079425291 
80.20    -0.167925062347     0.000816507100     0.024392995004 
80.30    -0.151594920344     0.000857022598     0.019879694940 
80.40    -0.134454468390     0.000892519431     0.015638680356 
80.50    -0.116604079769     0.000922811798     0.011762272523 
80.60    -0.098147843803     0.000947744176     0.008333905147 
80.70    -0.079192960279     0.000967192107     0.005426286311 
80.80    -0.059849118146     0.000981062804     0.003099816319 
80.90    -0.040227862069     0.000989295579     0.001401295706 
81.00    -0.020441950487     0.000991862080     0.000362950881 
81.10    -0.000604708881     0.000988766348     0.000001797460 
81.20     0.019170618079     0.000980044685     0.000319353536 
81.30     0.038771511773     0.000965765342     0.001301707103 
81.40     0.058086818617     0.000946028027     0.002919933778 
81.50     0.077007379158     0.000920963229     0.005130853007 
81.60     0.095426643730     0.000890731374     0.007878103353 
81.70     0.113241271207     0.000855521814     0.011093510317 
81.80     0.130351707492     0.000815551651     0.014698713678 
81.90     0.146662740515     0.000771064407     0.018607015658 
82.00     0.162084028648     0.000722328549     0.022725406441 
82.10     0.176530599622     0.000669635878     0.026956719846 
82.20     0.189923317191     0.000613299790     0.031201869294 
82.30     0.202189312994     0.000553653413     0.035362112716 
82.40     0.213262381260     0.000491047649     0.039341294729 
82.50     0.223083334244     0.000425849112     0.043048015267 
82.60     0.231600316484     0.000358437987     0.046397675849 
82.70     0.238769076220     0.000289205818     0.049314357786 
82.80     0.244553192590     0.000218553242     0.051732490730 
82.90     0.248924257429     0.000146887669     0.053598275023 
83.00     0.251862010801     0.000074620942     0.054870827135 
83.10     0.253354429637     0.000002166974     0.055523023976 
83.20     0.253397769124    -0.000070060617     0.055542028865 
83.30     0.251996556782    -0.000141650869     0.054929489303 
83.40     0.249163539396    -0.000212197806     0.053701404218 
83.50     0.244919583276    -0.000281302736     0.051887665849 
83.60     0.239293528564    -0.000348576500     0.049531288864 
83.70     0.232321998564    -0.000413641661     0.046687346245 
83.80     0.224049165343    -0.000476134614     0.043421638101 
83.90     0.214526473068    -0.000535707613     0.039809125393 
84.00     0.203812320806    -0.000592030704     0.035932165735 
84.10     0.191971706723    -0.000644793544     0.031878592672 
84.20     0.179075835841    -0.000693707107     0.027739683122 
84.30     0.165201693706    -0.000738505260     0.023608059923 
84.40     0.150431588514    -0.000778946206     0.019575577579 
84.50     0.134852664399    -0.000814813782     0.015731239389 
84.60     0.118556388768    -0.000845918605     0.012159193081 
84.70     0.101638016672    -0.000872099066     0.008936850008 
84.80     0.084196035362    -0.000893222156     0.006133169837 
84.90     0.066331592239    -0.000909184135     0.003807148635 
85.00     0.048147909541    -0.000919911021     0.002006543380 
85.10     0.029749689113    -0.000925358920     0.000766860340 
85.20     0.011242510722    -0.000925514169     0.000110628564 
85.30    -0.007267772662    -0.000920393324     0.000046973142 
85.40    -0.025675639142    -0.000910042958     0.000571495945 
85.50    -0.043876498300    -0.000894539300     0.001666464548 
85.60    -0.061767284307    -0.000873987704     0.003301303000 
85.70    -0.079247038395    -0.000848521950     0.005433371311 
85.80    -0.096217477389    -0.000818303387     0.008009014031 
85.90    -0.112583545133    -0.000783519927     0.010964852323 
86.00    -0.128253943680    -0.000744384883     0.014229288545 
86.10    -0.143141641335    -0.000701135667     0.017724187764 
86.20    -0.157164354682    -0.000654032365     0.021366696795 
86.30    -0.170245001977    -0.000603356170     0.025071158522 
86.40    -0.182312125382    -0.000549407719     0.028751077369 
86.50    -0.193300279757    -0.000492505307     0.032321090884 
86.60    -0.203150385901    -0.000432983022     0.035698902611 
86.70    -0.211810046332    -0.000371188781     0.038807132542 
86.80    -0.219233821951    -0.000307482309     0.041575043651 
86.90    -0.225383468121    -0.000242233042     0.043940106058 
87.00    -0.230228128967    -0.000175817997     0.045849364365 
87.10    -0.233744488910    -0.000108619591     0.047260578347 
87.20    -0.235916880728    -0.000041023447     0.048143112590 
87.30    -0.236737349662     0.000026583816     0.048478556478 
87.40    -0.236205673345     0.000093816788     0.048261062238 
87.50    -0.234329337592     0.000160293463     0.047497395191 
87.60    -0.231123468336     0.000225637405     0.046206696970 
87.70    -0.226610720230     0.000289479876     0.044419968977 
87.80    -0.220821122707     0.000351461910     0.042179289663 
87.90    -0.213791884510     0.000411236329     0.039536785158 
88.00    -0.205567157937     0.000468469682     0.036553378293 
88.10    -0.196197764292     0.000522844104     0.033297345896 
88.20    -0.185740882216     0.000574059070     0.029842718416 
88.30    -0.174259700818     0.000621833057     0.026267559294 
88.40    -0.161823039680     0.000665905083     0.022652163984 
88.50    -0.148504938023     0.000706036127     0.019077220082 
88.60    -0.134384215474     0.000742010422     0.015621970652 
88.70    -0.119544007025     0.000773636604     0.012362422466 
88.80    -0.104071274940     0.000800748725     0.009369639597 
88.90    -0.088056300438     0.000823207115     0.006708160590 
89.00    -0.071592158143     0.000840899090     0.004434574372 
89.10    -0.054774176337     0.000853739509     0.002596286230 
89.20    -0.037699386152     0.000861671165     0.001230500668 
89.30    -0.020465962860     0.000864665018     0.000363442808 
89.40    -0.003172662493     0.000862720275     0.000009834500 
89.50     0.014081743000     0.000855864291     0.000172635338 
89.60     0.031199028820     0.000844152330     0.000843052759 
89.70     0.048082075412     0.000827667151     0.002000819194 
89.80     0.064635418423     0.000806518449     0.003614728242 
89.90     0.080765787407     0.000780842143     0.005643415957 
90.00     0.096382630259     0.000750799508     0.008036367880 
90.10     0.111398620415     0.000716576179     0.010735127450 
90.20     0.125730144003     0.000678381011     0.013674676985 
90.30     0.139297764221     0.000636444808     0.016784958725 
90.40     0.152026660378     0.000591018940     0.019992500423 
90.50     0.163847039176     0.000542373840     0.023222107860 
90.60     0.174694515976     0.000490797400     0.026398585370 
90.70     0.184510463980     0.000436593273     0.029448445070 
90.80     0.193242329445     0.000380079089     0.032301566031 
90.90     0.200843911234     0.000321584600     0.034892766004 
91.00     0.207275603244     0.000261449759     0.037163250540 
91.10     0.212504598431     0.000200022749     0.039061907380 
91.20     0.216505053419     0.000137657972     0.040546417714 
91.30     0.219258212863     0.000074714007     0.041584160237 
91.40     0.220752493007     0.000011551554     0.042152888843 
91.50     0.220983524080    -0.000051468632     0.042241170010 
91.60     0.219954151437    -0.000113987793     0.041848571540 
91.70     0.217674395568    -0.000175651212     0.040985599993 
91.80     0.214161371334    -0.000236110215     0.039673389879 
91.90     0.209439167041    -0.000295024145     0.037943153322 
92.00     0.203538684149    -0.000352062273     0.035835404273 
92.10     0.196497438685    -0.000406905654     0.033398976391 
92.20     0.188359325598    -0.000459248903     0.030689858270 
92.30     0.179174347535    -0.000508801892     0.027769873697 
92.40     0.168998309692    -0.000555291355     0.024705237955 
92.50     0.157892482598    -0.000598462387     0.021565023801 
92.60     0.145923234851    -0.000638079842     0.018419572582 
92.70     0.133161638016    -0.000673929601     0.015338886975 
92.80     0.119683046001    -0.000705819729     0.012391041993 
92.90     0.105566651425    -0.000733581494     0.009640650262 
93.00     0.090895021552    -0.000757070251     0.007147416106 
93.10     0.075753616531    -0.000776166190     0.004964810699 
93.20     0.060230292724    -0.000790774935     0.003138897627 
93.30     0.044414794016    -0.000800827999     0.001707334555 
93.40     0.028398234039    -0.000806283087     0.000698572528 
93.50     0.012272572300    -0.000807124255     0.000131269813 
93.60    -0.003869912795    -0.000803361910     0.000013932201 
93.70    -0.019937150989    -0.000795032666     0.000344786438 
93.80    -0.035837804309    -0.000782199049     0.001111888139 
93.90    -0.051481785290    -0.000764949054     0.002293460195 
94.00    -0.066780766372    -0.000743395560     0.003858452450 
94.10    -0.081648677579    -0.000717675606     0.005767308479 
94.20    -0.096002189697    -0.000687949527     0.007972920680 
94.30    -0.109761180233    -0.000654399966     0.010421750716 
94.40    -0.122849179559    -0.000617230760     0.013055088770 
94.50    -0.135193794766    -0.000576665706     0.015810422057 
94.60    -0.146727108885    -0.000532947220     0.018622880786 
94.70    -0.157386053276    -0.000486334894     0.021426728178 
94.80    -0.167112751154    -0.000437103962     0.024156860388 
94.90    -0.175854830393    -0.000385543676     0.026750282183 
95.00    -0.183565703911    -0.000331955613     0.029147524964 
95.10    -0.190204816174    -0.000276651916     0.031293975315 
95.20    -0.195737854485    -0.000219953476     0.033141084437 
95.30    -0.200136924010    -0.000162188081     0.034647431777 
95.40    -0.203380685633    -0.000103688518     0.035779619633 
95.50    -0.205454455996    -0.000044790663     0.036512979507 
95.60    -0.206350269260     0.000014168444     0.036832075389 
95.70    -0.206066900386     0.000072852524     0.036730993872 
95.80    -0.204609849902     0.000130927976     0.036213415906 
95.90    -0.201991290389     0.000188065764     0.035292469989 
96.00    -0.198229975118     0.000243943283     0.033990371581 
96.10    -0.193351109463     0.000298246175     0.032337858334 
96.20    -0.187386185969     0.000350670092     0.030373435327 
96.30    -0.180372784129     0.000400922401     0.028142448704 
96.40    -0.172354336112     0.000448723810     0.025696009908 
96.50    -0.163379859913     0.000493809919     0.023089795941 
96.60    -0.153503661534     0.000535932676     0.020382753744 
96.70    -0.142785008011     0.000574861739     0.017635738769 
96.80    -0.131287773235     0.000610385728     0.014910119127 
96.90    -0.119080058680     0.000642313370     0.012266377263 
97.00    -0.106233791285     0.000670474522     0.009762740973 
97.10    -0.092824300854     0.000694721070     0.007453874663 
97.20    -0.078929879451     0.000714927704     0.005389660227 
97.30    -0.064631325362     0.000730992554     0.003614094649 
97.40    -0.050011474275     0.000742837694     0.002164328628 
97.50    -0.035154720390     0.000750409508     0.001069867145 
97.60    -0.020146530220     0.000753678917     0.000351949086 
97.70    -0.005072951889     0.000752641458     0.000023118838 
97.80     0.009979877278     0.000747317238     0.000086998329 
97.90     0.024926222040     0.000737750729     0.000538263390 
98.00     0.039681236624     0.000724010440     0.001362823617 
98.10     0.054161445430     0.000706188445     0.002538200312 
98.20     0.068285214336     0.000684399781     0.004034092610 
98.30     0.081973209964     0.000658781717     0.005813117686 
98.40     0.095148844312     0.000629492898     0.007831707062 
98.50     0.107738702267     0.000596712368     0.010041137630 
98.60     0.119672949636     0.000560638489     0.012388673055 
98.70     0.130885719410     0.000521487737     0.014818788890 
98.80     0.141315474145     0.000479493416     0.017274453016 
98.90     0.150905342471     0.000434904271     0.019698431914 
99.00     0.159603427895     0.000387983017     0.022034592933 
99.10     0.167363088226     0.000339004795     0.024229172965 
99.20     0.174143184132     0.000288255569     0.026231984905 
99.30     0.179908295509     0.000236030451     0.027997534897 
99.40     0.184628904539     0.000182631998     0.029486025550 
99.50     0.188281544494     0.000128368454     0.030664223062 
99.60     0.190848913571     0.000073551981     0.031506169453 
99.70     0.192319953192     0.000018496864     0.031993724721 
99.80     0.192689890478    -0.000036482287     0.032116927733 
99.90     0.191960244741    -0.000091072333     0.031874168826 
